0.6227940000000004
2.9903999999999966
0.09043028820035855
0.09407117732865847
0.09798590961969966
0.10216277646970978
0.1065732101609041
0.11115675024036845
0.11594840971742568
0.12223753644441672
0.1298653206364188
0.1375226231425216
0.14531013620529298
0.15314952693364597
0.1610478458595466
0.16899331887385372
0.3001379232352999
0.27337432640246273
0.24671872441304438
0.2200851827906642
0.19350410749128957
0.1670750296244179
0.14071387083013498
0.1258911672834903
0.12192247379380046
0.11816400974916393
0.11461775501203876
0.11128360132562316
0.10819164662763762
0.10531515036308996
0.10290436678780976
0.10073652019004704
0.09895180572379743
0.09754810794679679
0.09649534225028727
0.09586404141282578
0.09562491242348917
0.20899984479420067
0.19678078268977384
0.18678566801550955
0.1793705558445973
0.17485661554542484
0.17351916431333833
0.17533662471588735
0.17829042123019503
0.182570235099702
0.18951447299707724
0.19914618437730594
0.21084051431582135
0.2244314763151533
0.23948656137629382
0.2198768628482765
0.20950632031029423
0.20060172256498784
0.19349166968487344
0.18826138887844027
0.1851842593660719
0.18425977824408618
0.18183945568286097
0.17797066748203227
0.17636073124139637
0.17720117692611495
0.1803974368332319
0.18584933743223256
0.1933746821173862
0.7513754507807664
0.12871412453961698
0.12253659965903996
0.1175511824695954
0.11388390341044655
0.11169103142150803
0.11098207898575212
0.11191217563786493
0.11259242619288296
0.11237300416025046
0.11355948214041806
0.11611569878358687
0.11978596552184055
0.12457682328587631
0.13048373540023728
0.13642525632741379
0.12856576566100436
0.12165952490454714
0.11606839321710061
0.11198308057916696
0.10940950956841031
0.10864569464088257
0.10788521583609237
0.10753042265331136
0.10904614986325692
0.11233422730405959
0.117316591512028
0.1237244124819347
0.13137112353938363
0.09885109820330776
0.09630601644757235
0.09424830500332584
0.09272469263362362
0.09171842041814703
0.09130434346732946
0.09143035067197368
0.09218974598077526
0.09353590805674622
0.09506397065134571
0.09675961049942411
0.0985656334631901
0.10059989351882805
0.10266395270006068
0.10467951358312703
0.10659918806444887
0.10847168065444662
0.11040346445650864
0.11236900597584903
0.11430492099642987
0.1163571935722058
0.1179865497588615
0.11930362401871888
0.12058567989607938
0.12193304812067934
0.12323776838291363
0.12459863562655654
0.1259364788454877
0.12697566311699243
0.12805405860026628
0.12918471812099191
0.13034548770095383
0.13160109612005555
0.13289013958906126
0.13426844038715824
0.13549927528957587
0.1369223053267789
0.13856334112599908
0.14049852747982836
0.14260943031931833
0.14491868214967807
0.147459640580059
0.5172000000000001
3.796199999999999
0.6227940000000004
1.3956000000000004
5.098802999999999
0.6755999999999986
1.6382092558672117
0.6918000000000001
1.5831107731299154
4.3986
1.4603999999999986
0.6227940000000004
3.5927999999999995
0.6227940000000004
2.990400000000001
0.09040510507709218
0.09407117732865847
0.09798590961969966
0.102196194136573
0.10657321016090159
0.11115675024037112
0.11594840971742568
0.12219675493236214
0.1298653206364188
0.1375656653238751
0.14531013620528987
0.15314952693364597
0.1610478458595466
0.16899331887385372
0.30009160295483084
0.2734202485844841
0.24671872441304438
0.2200851827906642
0.19350410749128644
0.16703209129984772
0.14075527217123865
0.1258515983211978
0.1219603362409282
0.11816400974916136
0.11461775501203876
0.11128360132562316
0.10816244449900275
0.10534169020857809
0.10288069743153923
0.10075697742588442
0.09895180572379622
0.09753465519496145
0.0965050603647291
0.09586404141282578
0.09562491242348932
0.20899984479420086
0.19678948151768708
0.18678566801550844
0.17934828659343277
0.17488600287044165
0.1734829674175531
0.17533662471588735
0.1783379362402732
0.18251843727240225
0.18956952464824248
0.19908884436864058
0.21084051431581716
0.2244314763151575
0.23948656137628954
0.21993682005521645
0.20944674609542294
0.2006604243393287
0.1934344401533487
0.18826138887844418
0.1851842593660682
0.18425977824408618
0.18188396532691067
0.17793096550066725
0.17636073124139637
0.17720117692611495
0.1803974368332319
0.18586517216520163
0.19336478708389496
0.7513754507807664
0.12870471264099054
0.12255147920771996
0.11755118246959394
0.11388390341044845
0.11165823077587936
0.11102059203589218
0.11191217563786493
0.1125444073954819
0.11242468262797121
0.11355948214041806
0.11605871576059806
0.11978596552184474
0.12463635304356387
0.13048373540024155
0.1364252563274095
0.12850623525728153
0.12171805617902627
0.11606839321710061
0.11198308057916696
0.10940950956841031
0.10864569464088257
0.10788521583609237
0.10753042265331136
0.10901820031536072
0.11235532841837073
0.11730215276796999
0.12373263209032548
0.13137112353938363
0.09885109820330776
0.0963060164475719
0.09425875129663029
0.09270984103103659
0.09173774928566665
0.09128062409953293
0.0914303506719717
0.09218974598077746
0.09353590805674622
0.09506397065134571
0.09675961049942146
0.09860472453184074
0.10055914367177085
0.10266395270006068
0.10472288844373867
0.10655512421277587
0.10847168065444662
0.11040346445650864
0.11236900597584903
0.11435138199427095
0.11631020288865539
0.11803360506228673
0.11925694908054735
0.12063198993633528
0.12188711426561682
0.12323776838291038
0.12459863562655976
0.1259364788454877
0.12701984185157975
0.1280540586002632
0.12914242291361805
0.13034548770095677
0.13160109612005555
0.13289013958906126
0.13426844038715824
0.13549927528957323
0.1369223053267814
0.13859626800170444
0.14049852747982614
0.14258056114351716
0.144945545761159
0.1474347489569536
0.5172000000000001
3.796200000000003
0.8831880000000002
0.7932000000000016
0.8831880000000002
0.7932000000000016
0.24798263952139887
0.23945465541517424
0.23185193292271722
0.2252480964980612
0.21974653512626802
0.2154503971126533
0.21103497814343417
0.20654062558247535
0.2034087368920021
0.20181372073275972
0.2017532118703435
0.20323218741134613
0.20620686391097645
0.20884194621770788
0.21124639808526832
0.2151089574703952
0.2203050204057996
0.22674292932746634
0.23432260838425287
0.24287215155303327
0.23779193005651006
0.23055380022892763
0.22439263624281341
0.21966109650094992
0.2161947208976224
0.21429750016273913
0.21379111932912512
0.21322143067712523
0.2124038017456372
0.21316510578422562
0.21564829207763322
0.21960918907003799
0.22512294473020789
0.23195538308907607
0.7105320890966148
0.36937005956086943
0.3421707329623616
0.3221574633374181
0.3106977821678169
0.3086523602307301
0.3162735707959166
0.3328879771034095
0.26084965497389523
0.24788099664153238
0.23805142721689543
0.23194016469770615
0.2297842161681266
0.23166201522045018
0.23759307755067263
0.2414178479648929
0.24289739493045134
0.2475705136642897
0.25528563350882055
0.2657791186380153
0.27872653979124423
0.29380631522143924
0.2963868352339561
0.2794853793385262
0.2645768017041553
0.25201379540810886
0.24215550114750642
0.23535731545035968
0.231875256713604
0.22829043259847798
0.22444236851361093
0.22478297381252077
0.22910106825591112
0.2373288759169431
0.24897764436993322
0.26375855192960085
0.16988357067120863
0.16386144957249854
0.1586121671121083
0.15421487041138496
0.15080102372331497
0.14826979198744444
0.14688641909992975
0.14485512149730756
0.1424680637897494
0.14129168141118592
0.14152419106287084
0.1430336681484465
0.14584713361598903
0.14985203950564063
0.7750776033636873
0.2121621363863021
0.2058170910687449
0.20111860381376898
0.19823235421091076
0.19720261265003622
0.19801617715732206
0.20074163322081506
0.20466956132107067
0.20972757442825862
0.21635098380215315
0.22439379649179259
0.23370773076892334
0.24415018725366594
0.2555229019109653
0.36310881198891204
0.34287659859307934
0.32604868840595014
0.31342184433099046
0.30534115213223406
0.3022186749947141
0.30426202734485286
0.3060293927059951
0.3077055761600681
0.3142092789272783
0.3252309651678328
0.340319615214874
0.3589995360721238
0.38073034985406673
0.2573273344283501
0.24798263952139887
0.23945634855647463
0.23185805248039162
0.22524647595911473
0.21974653512626763
0.2154503971126533
0.21103497814343417
0.20650772386523536
0.20344576732878952
0.20181372073275897
0.2017532118703435
0.2032321874113453
0.20620686391097645
0.20878861391369033
0.21130181897939265
0.2151089574703952
0.2203050204057996
0.2267429293274653
0.23426287541990087
0.2429321238535571
0.23779193005651006
0.2304941214000909
0.22445169190718964
0.21960304760180394
0.21625135408593382
0.214242702970253
0.2138436753892903
0.21322143067712523
0.21235704319847573
0.21320839459083385
0.2156482920776318
0.21960918907003923
0.22509130379470407
0.2319830617609829
0.7105320890966148
0.3693700595608683
0.34217073296236294
0.3222010918417252
0.3106478215664811
0.3086523602307282
0.31627357079591767
0.3328879771034095
0.2609095791648902
0.24782175710780513
0.23805142721689335
0.2319401646977081
0.2297842161681257
0.23170896421157308
0.23755129235598782
0.2414178479648929
0.2429279762892695
0.24754597398463196
0.25528563350882055
0.2657791186380153
0.2787265397912441
0.09349903862607338
0.02663316736702543
0.037722721481887246
0.037665154241021945
0.03766475615213823
0.03768535423742177
0.03767588002953638
0.03764203230432698
0.03768692802551043
0.0376704178899042
0.037667463360305964
0.03767933120425557
0.037668000000000035
0.03767933120425557
0.037667463360305964
0.0376704178899042
0.03768692802551043
0.03764203230432698
0.03767588002953638
0.03768535423742177
0.03766475615213823
0.037665154241021945
0.037722721481887246
0.012581792559091056
0.18673247811776073
0.2645768017041553
0.25199581717957154
0.24217956135066432
0.23532706588065877
0.2319115449390134
0.22829043259847723
0.22444236851361263
0.22478297381251983
0.22910106825591112
0.23732887591694407
0.24897764436993108
0.26375855192960085
0.1698835706712107
0.16380173581497798
0.15867131547951566
0.15421487041138393
0.15074413672179807
0.14832490962747963
0.14688641909992975
0.14485512149730756
0.1424680637897494
0.14129168141118592
0.14152419106287084
0.1430336681484465
0.14584713361598797
0.14985203950564063
0.7750776033636891
0.2121621363863021
0.2058170910687449
0.2011186038137702
0.19827140453428968
0.1971593153670393
0.19801617715732373
0.20074163322081326
0.2047228236698591
0.20972757442825668
0.21635098380215417
0.22433535143619268
0.23370773076892443
0.24415018725366594
0.2555229019109632
0.36310881198891304
0.34287659859308045
0.32604868840594914
0.3134218443309914
0.30534115213223406
0.3022675991825125
0.304218015383704
0.3060293927059951
0.3077055761600687
0.3142092789272783
0.32522706241639854
0.34032227902974554
0.35900332282584807
0.3807301116223933
0.25732701853478185
0.01507364799907402
0.01505265478246284
0.015075295817993353
0.015078229206375731
0.015072975684979856
0.01504565173065004
0.015117876041296408
0.015054693487414771
0.015078787882318579
0.015026975743643603
0.015090186082350684
0.015090186082350684
0.015026975743643603
0.015078787882318579
0.015054693487414771
0.015117876041296408
0.01504565173065004
0.0004371773095664037
0.011228954715378159
0.011334933788955021
0.011301999823039251
0.011292918134831862
0.011303638529252053
0.011277088986082193
0.011311075810903385
0.011297864576989461
0.011295673685088402
0.011312028995719635
0.011291999999999903
0.011312028995719635
0.011295673685088402
0.011297864576989461
0.011311075810903385
0.011277088986082193
0.011303638529252053
0.011292918134831862
0.011301999823039251
0.011334933788955021
0.011228954715378159
0.0004371773095664037
0.01504565173065004
0.015117876041296408
0.015054693487414771
0.015078787882318579
0.015026975743643603
0.015090186082350684
0.015090186082350684
0.015026975743643603
0.015078787882318579
0.015054693487414771
0.015117876041296408
0.01504565173065004
0.015072975684979856
0.015078229206375731
0.015075295817993353
0.01505265478246284
0.01507364799907402
0.015067246065555998
0.015071999999999619
0.015067246065555998
0.007529356944653199
0.007526327391231669
0.007546893400598281
0.00751124516974307
0.007534301560198386
0.0075440307528529486
0.007533594361259561
0.0075557726276016994
0.007509939014399847
0.007572430257189265
0.007514963472964708
0.007514963472964708
0.007572430257189265
0.007509939014399847
0.0075557726276016994
0.007533594361259561
0.0075440307528529486
0.007493337040331843
0.007546390130385996
0.007546893400598281
0.007526327391231669
0.007529356944653199
0.007543336397112594
0.0075239999999997306
0.007543336397112594
0.007529356944653199
0.007526327391231669
0.007546893400598281
0.007546390130385996
0.007493337040331843
0.0075440307528529486
0.007533594361259561
0.0075557726276016994
0.007509939014399847
0.007572430257189265
0.007514963472964708
0.007514963472964708
0.007572430257189265
0.007509939014399847
0.0075557726276016994
0.007533594361259561
0.0075440307528529486
0.007534301560198386
0.00751124516974307
0.007546893400598281
0.007526327391231669
0.007529356944653199
0.007543336397112594
0.0075239999999997306
0.007543336397112594
0.07535566922269332
0.07534083577980828
0.0753449306589365
0.0753496619501376
0.07536050541231813
0.07532065652926835
0.07533272778812661
0.07538460171679615
0.0753313139670354
0.07537399766497738
0.07532889987249207
0.07532889987249207
0.07537399766497738
0.0753313139670354
0.07538460171679615
0.07533272778812661
0.07532065652926835
0.07536050541231813
0.0753496619501376
0.0753449306589365
0.07534083577980828
0.07535566922269332
0.07534518508836531
0.07534799999999961
0.07534518508836531
0.07535566922269332
0.07534083577980828
0.0753449306589365
0.0753496619501376
0.07536050541231813
0.07532065652926835
0.07533272778812661
0.07538460171679615
0.0753313139670354
0.07537399766497738
0.07532889987249207
0.07532889987249207
0.07537399766497738
0.0753313139670354
0.07538460171679615
0.07533272778812661
0.07532065652926835
0.07536050541231813
0.0753496619501376
0.0753449306589365
0.07534083577980828
0.07535566922269332
0.07534518508836531
0.07534799999999961
0.07534518508836531
0.3850108535538184
0.3837410712967802
0.404592262531057
0.44446862512442886
0.49881400064553116
0.5634604581299382
0.3118984360076213
0.29229951553842815
0.27400506777795236
0.25735457305437537
0.2425991604354804
0.23016130338525617
0.22043904316613244
0.2110522450200422
0.20229421873103592
0.19753706909843521
0.1970342104813276
0.2008325800660838
0.20869221028107351
0.22019823604198108
0.08801404172062587
0.08482415113633573
0.08182518714919063
0.07899186218845554
0.07638430050736876
0.07400152582210733
0.07187421011739886
0.07039061965915613
0.0691687000311555
0.06812850883440813
0.06728061013397593
0.06662747811526362
0.06618673728172447
0.06594408304010332
0.06587906584037086
0.057068435023224715
0.03526487941280981
0.22603936776588265
0.2260439999999999
0.22603936776588265
0.2260530736353748
0.22604017228802475
0.22604819816136568
0.22604014696509092
0.22605329276964758
0.22604517319332432
0.22604562604925596
0.22604202109342383
0.22605114545164348
0.22604424980078577
0.2260405929031331
0.2260405929031331
0.22604424980078577
0.22605114545164323
0.22604202109342436
0.2260456260492557
0.22604517319332432
0.22605329276964758
0.20685104005539823
0.03198012382715233
0.06429981763582232
0.06579018413106918
0.06792897237556311
0.07068288737735605
0.07395140201510715
0.12523328683700663
0.11791855701288086
0.11285139999131606
0.11032016216449265
0.1104793731517337
0.11337342037708835
0.11874439804891854
0.12576423914611018
0.13369942749316477
0.14302985047884226
0.15351398947327244
0.16492926261885715
0.1770976002096021
0.18987938779130295
0.17346285407544743
0.16278237753516228
0.15262759572239845
0.14310458659316255
0.13437228477628893
0.1265505822033226
0.11986736044478513
0.11563440673086865
0.11432022450992664
0.11466739772053783
0.11665210199563497
0.12020383123677886
0.1251965763908901
0.13145683072400616
0.7767104866267739
0.20775976092593093
0.19618951504094206
0.18637478972221508
0.1785749691306147
0.17304246666064377
0.17005094766169346
0.16968379058814093
0.1759460933837407
0.18818435754334065
0.2021770049262778
0.21759350369797334
0.2341239221565366
0.2515765676159842
0.2697693329673337
0.2901786872493567
0.27131506205656913
0.2536492686227186
0.23744751064570033
0.2230464879346906
0.21080237083334719
0.20111187218869003
0.19237415840845143
0.18493549276436916
0.18121603687312002
0.18142886830931843
0.18556481965070867
0.19338036943805834
0.204431488963907
0.09059062044163284
0.08782254580687132
0.08529457004991577
0.0830297354205107
0.0810423378241274
0.07937552753840452
0.07802497377122272
0.07702380998107025
0.07649571399758291
0.07623938218532438
0.07628632205054868
0.07661182321286972
0.0772158856712789
0.07809336135677603
0.08056627388678193
0.08438095920289149
0.02130908257058485
0.06643480756350531
0.2260439999999999
0.22603936776588265
0.22605307363537475
0.22604017228802475
0.2260481981613656
0.22604014696509103
0.2260532927696474
0.2260451731933247
0.2260456260492557
0.22604202109342425
0.2260511454516433
0.22604424980078575
0.2260405929031331
0.2260405929031331
0.22604424980078575
0.22605114545164356
0.22604202109342375
0.22604562604925596
0.2260451731933247
0.19596233568724342
0.06089465119368016
0.0707863524982042
0.0743075100915108
0.07827772487751558
0.1387971535442999
0.13105858783002322
0.1258786479908327
0.12356132861053289
0.12426226337871041
0.1279562166367857
0.13436528940169012
0.14159366451928587
0.14960245330876104
0.1591751014323533
0.17003103289693905
0.18193267079884248
0.1946993713395092
0.20817727388934645
0.20179827865469988
0.18990222178795088
0.17861021803917046
0.16807181804216914
0.15841681047161638
0.14983435473882473
0.14249914269215824
0.13712436453088825
0.13418157706630238
0.133200377567032
0.1342465387263302
0.1372406619774184
0.14208095890723682
0.14857006407752543
0.7673198810519898
0.40818221554227463